TermID	Term	Enrichment	logP	Genes in Term	Target Genes in Term	Fraction of Targets in Term	Total Target Genes	Total Genes	Entrez Gene IDs	Gene Symbols
SM00199	SCY	5.13236554187903e-15	-32.9032097227362	43	8	0.444444444444444	18	9131	6354,2919,2920,6352,6364,6355,2921,6372	CCL7,CXCL1,CXCL2,CCL5,CCL20,CCL8,CXCL3,CXCL6
SM00126	IL6	3.67055981913554e-06	-12.5151663682567	2	2	0.111111111111111	18	9131	1440,3569	CSF3,IL6
SM00040	CSF2	0.0019713065381642	-6.22905873872143	1	1	0.0555555555555556	18	9131	1437	CSF2
SM00251	SAM_PNT	0.0214835491315278	-3.84046779340342	11	1	0.0555555555555556	18	9131	1999	ELF3
SM00207	TNF	0.0349271393406256	-3.35449112043595	18	1	0.0555555555555556	18	9131	10673	TNFSF13B
SM00120	HX	0.0444226989259516	-3.11400470311012	23	1	0.0555555555555556	18	9131	4314	MMP3
SM00384	AT_hook	0.0519555430006477	-2.95736686836754	27	1	0.0555555555555556	18	9131	1999	ELF3
SM00235	ZnMc	0.0557009001704673	-2.88775897112981	29	1	0.0555555555555556	18	9131	4314	MMP3
SM00413	ETS	0.0557009001704673	-2.88775897112981	29	1	0.0555555555555556	18	9131	1999	ELF3
SM00181	EGF	0.341100645455869	-1.07557769728179	209	1	0.0555555555555556	18	9131	5743	PTGS2
SM00248	ANK	0.388633179173047	-0.945119364383916	246	1	0.0555555555555556	18	9131	64332	NFKBIZ
SM00220	S_TKc	0.415340532574352	-0.878656534806961	268	1	0.0555555555555556	18	9131	11040	PIM2
SM00409	IG	0.495249153564332	-0.702694302512797	340	1	0.0555555555555556	18	9131	9308	CD83
SM00339	FH	0.99999999997521	-2.47898252198284e-11	48	0	0	18	9131
SM00430	HOLI	0.99999999997521	-2.47898252198284e-11	48	0	0	18	9131
SM00192	LDLa	0.99999999997521	-2.47898252198284e-11	48	0	0	18	9131
SM00369	LRR_TYP	0.999999999980373	-1.96264926677839e-11	134	0	0	18	9131
SM00408	IGc2	0.999999999987424	-1.25764957620634e-11	216	0	0	18	9131
SM00338	BRLZ	0.999999999990313	-9.68667271698987e-12	52	0	0	18	9131
SM00256	FBOX	0.999999999990313	-9.68667271698987e-12	52	0	0	18	9131
SM00042	CUB	0.999999999991145	-8.85467611359691e-12	49	0	0	18	9131
SM00589	PRY	0.999999999991145	-8.85467611359691e-12	49	0	0	18	9131
SM00717	SANT	0.999999999991145	-8.85467611359691e-12	49	0	0	18	9131
SM00271	DnaJ	0.999999999991145	-8.85467611359691e-12	49	0	0	18	9131
SM00164	TBC	0.999999999991145	-8.85467611359691e-12	49	0	0	18	9131
SM00179	EGF_CA	0.999999999991413	-8.58744066285427e-12	98	0	0	18	9131
SM00082	LRRCT	0.999999999992786	-7.21424185761696e-12	90	0	0	18	9131
SM00225	BTB	0.999999999992988	-7.01185396970439e-12	178	0	0	18	9131
SM00423	PSI	0.999999999994285	-5.71479344678223e-12	45	0	0	18	9131
SM00428	H3	0.999999999994907	-5.09285741457778e-12	6	0	0	18	9131
SM00710	PbH1	0.999999999994907	-5.09285741457778e-12	6	0	0	18	9131
SM00548	IRO	0.999999999994907	-5.09285741457778e-12	6	0	0	18	9131
SM00302	GED	0.999999999994907	-5.09285741457778e-12	6	0	0	18	9131
SM00111	C4	0.999999999994907	-5.09285741457778e-12	6	0	0	18	9131
SM00564	PQQ	0.999999999994907	-5.09285741457778e-12	6	0	0	18	9131
SM00441	FF	0.999999999994907	-5.09285741457778e-12	6	0	0	18	9131
SM00159	PTX	0.999999999994907	-5.09285741457778e-12	6	0	0	18	9131
SM00920	MHC_II_alpha	0.999999999994907	-5.09285741457778e-12	6	0	0	18	9131
SM00394	RIIa	0.999999999994907	-5.09285741457778e-12	6	0	0	18	9131
SM00907	GDNF	0.999999999994907	-5.09285741457778e-12	6	0	0	18	9131
SM00477	NUC	0.999999999994907	-5.09285741457778e-12	6	0	0	18	9131
SM00506	A1pp	0.999999999994907	-5.09285741457778e-12	6	0	0	18	9131
SM00775	LNS2	0.999999999994907	-5.09285741457778e-12	6	0	0	18	9131
SM00741	SapB	0.999999999994907	-5.09285741457778e-12	6	0	0	18	9131
SM00952	RAP	0.999999999994907	-5.09285741457778e-12	6	0	0	18	9131
SM00440	ZnF_C2C2	0.999999999994907	-5.09285741457778e-12	6	0	0	18	9131
SM00432	MADS	0.999999999994907	-5.09285741457778e-12	6	0	0	18	9131
SM00695	DUSP	0.999999999994907	-5.09285741457778e-12	6	0	0	18	9131
SM00367	LRR_CC	0.999999999994907	-5.09285741457778e-12	6	0	0	18	9131
SM00863	tRNA_SAD	0.999999999994907	-5.09285741457778e-12	6	0	0	18	9131
SM00811	Alpha_kinase	0.999999999994907	-5.09285741457778e-12	6	0	0	18	9131
SM00099	btg1	0.999999999994907	-5.09285741457778e-12	6	0	0	18	9131
SM00257	LysM	0.999999999994907	-5.09285741457778e-12	6	0	0	18	9131
SM00070	GLUCA	0.999999999994907	-5.09285741457778e-12	6	0	0	18	9131
SM00838	EFG_C	0.999999999994907	-5.09285741457778e-12	6	0	0	18	9131
SM00665	B561	0.999999999994907	-5.09285741457778e-12	6	0	0	18	9131
SM00022	PLAc	0.999999999994907	-5.09285741457778e-12	6	0	0	18	9131
SM00892	Endonuclease_NS	0.999999999994907	-5.09285741457778e-12	6	0	0	18	9131
SM00167	VPS9	0.999999999994907	-5.09285741457778e-12	6	0	0	18	9131
SM00968	SMC_hinge	0.999999999994907	-5.09285741457778e-12	6	0	0	18	9131
SM00670	PINc	0.999999999994907	-5.09285741457778e-12	6	0	0	18	9131
SM00155	PLDc	0.999999999994907	-5.09285741457778e-12	6	0	0	18	9131
SM00415	HSF	0.999999999994907	-5.09285741457778e-12	6	0	0	18	9131
SM00648	SWAP	0.999999999994907	-5.09285741457778e-12	6	0	0	18	9131
SM00544	MA3	0.999999999994907	-5.09285741457778e-12	6	0	0	18	9131
SM00757	CRA	0.999999999994907	-5.09285741457778e-12	6	0	0	18	9131
SM00368	LRR_RI	0.999999999994907	-5.09285741457778e-12	6	0	0	18	9131
SM00218	ZU5	0.999999999994907	-5.09285741457778e-12	6	0	0	18	9131
SM00139	MyTH4	0.999999999994907	-5.09285741457778e-12	6	0	0	18	9131
SM00558	JmjC	0.999999999995396	-4.6037155447482e-12	32	0	0	18	9131
SM00303	GPS	0.999999999995396	-4.6037155447482e-12	32	0	0	18	9131
SM00150	SPEC	0.999999999995396	-4.6037155447482e-12	32	0	0	18	9131
SM00091	PAS	0.999999999995396	-4.6037155447482e-12	32	0	0	18	9131
SM00490	HELICc	0.999999999995859	-4.14149756988972e-12	106	0	0	18	9131
SM00013	LRRNT	0.999999999995941	-4.05897533241376e-12	100	0	0	18	9131
SM00034	CLECT	0.999999999997615	-2.38462229640539e-12	84	0	0	18	9131
SM00327	VWA	0.999999999997615	-2.38462229640539e-12	84	0	0	18	9131
SM00232	JAB_MPN	0.999999999998279	-1.72066145259254e-12	12	0	0	18	9131
SM00160	RanBD	0.999999999998279	-1.72066145259254e-12	12	0	0	18	9131
SM00692	DM3	0.999999999998279	-1.72066145259254e-12	12	0	0	18	9131
SM00720	calpain_III	0.999999999998279	-1.72066145259254e-12	12	0	0	18	9131
SM00980	THAP	0.999999999998279	-1.72066145259254e-12	12	0	0	18	9131
SM00674	CENPB	0.999999999998279	-1.72066145259254e-12	12	0	0	18	9131
SM00234	START	0.999999999998279	-1.72066145259254e-12	12	0	0	18	9131
SM00479	EXOIII	0.999999999998279	-1.72066145259254e-12	12	0	0	18	9131
SM00316	S1	0.999999999998279	-1.72066145259254e-12	12	0	0	18	9131
SM00457	MACPF	0.999999999998279	-1.72066145259254e-12	12	0	0	18	9131
SM00401	ZnF_GATA	0.999999999998279	-1.72066145259254e-12	12	0	0	18	9131
SM00166	UBX	0.999999999998279	-1.72066145259254e-12	12	0	0	18	9131
SM01100	CRAL_TRIO_N	0.999999999998279	-1.72066145259254e-12	12	0	0	18	9131
SM00523	DWA	0.999999999998279	-1.72066145259254e-12	12	0	0	18	9131
SM00061	MATH	0.999999999998279	-1.72066145259254e-12	12	0	0	18	9131
SM00239	C2	1.00000000000023	2.32973863067501e-13	135	0	0	18	9131
SM00582	RPR	1.00000000000059	5.91539151475682e-13	8	0	0	18	9131
SM00237	Calx_beta	1.00000000000059	5.91539151475682e-13	8	0	0	18	9131
SM00861	Transket_pyr	1.00000000000059	5.91539151475682e-13	8	0	0	18	9131
SM00142	PI3K_C2	1.00000000000059	5.91539151475682e-13	8	0	0	18	9131
SM00018	PD	1.00000000000059	5.91539151475682e-13	8	0	0	18	9131
SM00609	VIT	1.00000000000059	5.91539151475682e-13	8	0	0	18	9131
SM00357	CSP	1.00000000000059	5.91539151475682e-13	8	0	0	18	9131
SM00524	DWB	1.00000000000059	5.91539151475682e-13	8	0	0	18	9131
SM00393	R3H	1.00000000000059	5.91539151475682e-13	8	0	0	18	9131
SM00671	SEL1	1.00000000000059	5.91539151475682e-13	8	0	0	18	9131
SM00511	ORANGE	1.00000000000059	5.91539151475682e-13	8	0	0	18	9131
SM00948	Proteasome_A_N	1.00000000000059	5.91539151475682e-13	8	0	0	18	9131
SM00092	RNAse_Pc	1.00000000000059	5.91539151475682e-13	8	0	0	18	9131
SM00391	MBD	1.00000000000059	5.91539151475682e-13	8	0	0	18	9131
SM00065	GAF	1.00000000000059	5.91539151475682e-13	8	0	0	18	9131
SM00153	VHP	1.00000000000059	5.91539151475682e-13	8	0	0	18	9131
SM00950	Piwi	1.00000000000059	5.91539151475682e-13	8	0	0	18	9131
SM00577	CPDc	1.00000000000059	5.91539151475682e-13	8	0	0	18	9131
SM00545	JmjN	1.00000000000059	5.91539151475682e-13	8	0	0	18	9131
SM00263	LYZ1	1.00000000000059	5.91539151475682e-13	8	0	0	18	9131
SM00238	BIR	1.00000000000059	5.91539151475682e-13	8	0	0	18	9131
SM00503	SynN	1.00000000000059	5.91539151475682e-13	8	0	0	18	9131
SM00350	MCM	1.00000000000059	5.91539151475682e-13	8	0	0	18	9131
SM00461	WH1	1.00000000000059	5.91539151475682e-13	8	0	0	18	9131
SM00746	TRASH	1.00000000000059	5.91539151475682e-13	8	0	0	18	9131
SM00068	GHB	1.00000000000059	5.91539151475682e-13	8	0	0	18	9131
SM00262	GEL	1.00000000000059	5.91539151475682e-13	8	0	0	18	9131
SM00215	VWC_out	1.00000000000059	5.91539151475682e-13	8	0	0	18	9131
SM00187	INB	1.00000000000059	5.91539151475682e-13	8	0	0	18	9131
SM00258	SAND	1.00000000000059	5.91539151475682e-13	8	0	0	18	9131
SM00227	NEBU	1.00000000000125	1.25424949796158e-12	4	0	0	18	9131
SM00188	IL10	1.00000000000125	1.25424949796158e-12	4	0	0	18	9131
SM00197	SAA	1.00000000000125	1.25424949796158e-12	4	0	0	18	9131
SM01053	CaMBD	1.00000000000125	1.25424949796158e-12	4	0	0	18	9131
SM00540	LEM	1.00000000000125	1.25424949796158e-12	4	0	0	18	9131
SM00426	TEA	1.00000000000125	1.25424949796158e-12	4	0	0	18	9131
SM01046	c-SKI_SMAD_bind	1.00000000000125	1.25424949796158e-12	4	0	0	18	9131
SM00701	PGRP	1.00000000000125	1.25424949796158e-12	4	0	0	18	9131
SM01007	Aldolase_II	1.00000000000125	1.25424949796158e-12	4	0	0	18	9131
SM01027	Beta-Casp	1.00000000000125	1.25424949796158e-12	4	0	0	18	9131
SM00737	ML	1.00000000000125	1.25424949796158e-12	4	0	0	18	9131
SM00243	GAS2	1.00000000000125	1.25424949796158e-12	4	0	0	18	9131
SM00664	DoH	1.00000000000125	1.25424949796158e-12	4	0	0	18	9131
SM00361	RRM_1	1.00000000000125	1.25424949796158e-12	4	0	0	18	9131
SM00542	FYRC	1.00000000000125	1.25424949796158e-12	4	0	0	18	9131
SM00753	PAM	1.00000000000125	1.25424949796158e-12	4	0	0	18	9131
SM00266	CAD	1.00000000000125	1.25424949796158e-12	4	0	0	18	9131
SM00733	Mterf	1.00000000000125	1.25424949796158e-12	4	0	0	18	9131
SM00051	DSL	1.00000000000125	1.25424949796158e-12	4	0	0	18	9131
SM00973	Sec63	1.00000000000125	1.25424949796158e-12	4	0	0	18	9131
SM00307	ILWEQ	1.00000000000125	1.25424949796158e-12	4	0	0	18	9131
SM00632	Aamy_C	1.00000000000125	1.25424949796158e-12	4	0	0	18	9131
SM00644	Ami_2	1.00000000000125	1.25424949796158e-12	4	0	0	18	9131
SM00359	PUA	1.00000000000125	1.25424949796158e-12	4	0	0	18	9131
SM00889	EFG_IV	1.00000000000125	1.25424949796158e-12	4	0	0	18	9131
SM00554	FAS1	1.00000000000125	1.25424949796158e-12	4	0	0	18	9131
SM00491	HELICc2	1.00000000000125	1.25424949796158e-12	4	0	0	18	9131
SM00483	POLXc	1.00000000000125	1.25424949796158e-12	4	0	0	18	9131
SM00678	WWE	1.00000000000125	1.25424949796158e-12	4	0	0	18	9131
SM00476	DNaseIc	1.00000000000125	1.25424949796158e-12	4	0	0	18	9131
SM00152	THY	1.00000000000125	1.25424949796158e-12	4	0	0	18	9131
SM00058	FN1	1.00000000000125	1.25424949796158e-12	4	0	0	18	9131
SM00103	ALBUMIN	1.00000000000125	1.25424949796158e-12	4	0	0	18	9131
SM00520	BASIC	1.00000000000125	1.25424949796158e-12	4	0	0	18	9131
SM00140	NGF	1.00000000000125	1.25424949796158e-12	4	0	0	18	9131
SM00259	ZnF_A20	1.00000000000125	1.25424949796158e-12	4	0	0	18	9131
SM00025	Pumilio	1.00000000000125	1.25424949796158e-12	4	0	0	18	9131
SM00098	alkPPc	1.00000000000125	1.25424949796158e-12	4	0	0	18	9131
SM00486	POLBc	1.00000000000125	1.25424949796158e-12	4	0	0	18	9131
SM00711	TDU	1.00000000000125	1.25424949796158e-12	4	0	0	18	9131
SM00694	DysFC	1.00000000000125	1.25424949796158e-12	4	0	0	18	9131
SM00206	NTR	1.00000000000125	1.25424949796158e-12	4	0	0	18	9131
SM00693	DysFN	1.00000000000125	1.25424949796158e-12	4	0	0	18	9131
SM00399	ZnF_C4	1.00000000000134	1.34189603791756e-12	46	0	0	18	9131
SM00280	KAZAL	1.00000000000134	1.34189603791756e-12	46	0	0	18	9131
SM00471	HDc	1.00000000000136	1.36420548855804e-12	24	0	0	18	9131
SM00330	PIPKc	1.00000000000173	1.72506418543062e-12	7	0	0	18	9131
SM00290	ZnF_UBP	1.00000000000173	1.72506418543062e-12	7	0	0	18	9131
SM00715	LA	1.00000000000173	1.72506418543062e-12	7	0	0	18	9131
SM00004	NL	1.00000000000173	1.72506418543062e-12	7	0	0	18	9131
SM00707	RPEL	1.00000000000173	1.72506418543062e-12	7	0	0	18	9131
SM00848	Inhibitor_I29	1.00000000000173	1.72506418543062e-12	7	0	0	18	9131
SM00144	PI3K_rbd	1.00000000000173	1.72506418543062e-12	7	0	0	18	9131
SM00729	Elp3	1.00000000000173	1.72506418543062e-12	7	0	0	18	9131
SM00467	GS	1.00000000000173	1.72506418543062e-12	7	0	0	18	9131
SM00077	ITAM	1.00000000000173	1.72506418543062e-12	7	0	0	18	9131
SM00504	Ubox	1.00000000000173	1.72506418543062e-12	7	0	0	18	9131
SM00636	Glyco_18	1.00000000000173	1.72506418543062e-12	7	0	0	18	9131
SM00730	PSN	1.00000000000173	1.72506418543062e-12	7	0	0	18	9131
SM00053	DYNc	1.00000000000173	1.72506418543062e-12	7	0	0	18	9131
SM00964	STAT_int	1.00000000000173	1.72506418543062e-12	7	0	0	18	9131
SM00884	Cullin_Nedd8	1.00000000000173	1.72506418543062e-12	7	0	0	18	9131
SM00742	Hr1	1.00000000000173	1.72506418543062e-12	7	0	0	18	9131
SM00515	eIF5C	1.00000000000173	1.72506418543062e-12	7	0	0	18	9131
SM00182	CULLIN	1.00000000000173	1.72506418543062e-12	7	0	0	18	9131
SM00250	PLEC	1.00000000000173	1.72506418543062e-12	7	0	0	18	9131
SM00031	DED	1.00000000000173	1.72506418543062e-12	7	0	0	18	9131
SM00301	DM	1.00000000000173	1.72506418543062e-12	7	0	0	18	9131
SM00278	HhH1	1.00000000000173	1.72506418543062e-12	7	0	0	18	9131
SM00048	DEFSN	1.00000000000173	1.72506418543062e-12	7	0	0	18	9131
SM00390	GoLoco	1.00000000000173	1.72506418543062e-12	7	0	0	18	9131
SM00101	14_3_3	1.00000000000173	1.72506418543062e-12	7	0	0	18	9131
SM00546	CUE	1.00000000000173	1.72506418543062e-12	7	0	0	18	9131
SM01062	Ca_chan_IQ	1.00000000000173	1.72506418543062e-12	7	0	0	18	9131
SM00537	DCX	1.00000000000173	1.72506418543062e-12	7	0	0	18	9131
SM01055	Cadherin_pro	1.00000000000173	1.72506418543062e-12	7	0	0	18	9131
SM00281	LamB	1.00000000000173	1.72506418543062e-12	7	0	0	18	9131
SM00455	RBD	1.00000000000173	1.72506418543062e-12	7	0	0	18	9131
SM00739	KOW	1.00000000000173	1.72506418543062e-12	7	0	0	18	9131
SM00154	ZnF_AN1	1.00000000000173	1.72506418543062e-12	7	0	0	18	9131
SM00509	TFS2N	1.00000000000173	1.72506418543062e-12	7	0	0	18	9131
SM00032	CCP	1.00000000000241	2.41088333522617e-12	55	0	0	18	9131
SM00133	S_TK_X	1.00000000000241	2.41088333522617e-12	55	0	0	18	9131
SM00612	Kelch	1.00000000000241	2.41088333522617e-12	55	0	0	18	9131
SM00802	UME	1.00000000000246	2.45564983278324e-12	1	0	0	18	9131
SM00743	Agenet	1.00000000000246	2.45564983278324e-12	1	0	0	18	9131
SM01031	BHD_2	1.00000000000246	2.45564983278324e-12	1	0	0	18	9131
SM00929	NADH-G_4Fe-4S_3	1.00000000000246	2.45564983278324e-12	1	0	0	18	9131
SM00550	Zalpha	1.00000000000246	2.45564983278324e-12	1	0	0	18	9131
SM00941	PYNP_C	1.00000000000246	2.45564983278324e-12	1	0	0	18	9131
SM01082	CHZ	1.00000000000246	2.45564983278324e-12	1	0	0	18	9131
SM00928	NADH_4Fe-4S	1.00000000000246	2.45564983278324e-12	1	0	0	18	9131
SM00071	Galanin	1.00000000000246	2.45564983278324e-12	1	0	0	18	9131
SM00904	Flavokinase	1.00000000000246	2.45564983278324e-12	1	0	0	18	9131
SM00738	NGN	1.00000000000246	2.45564983278324e-12	1	0	0	18	9131
SM01071	CDC37_N	1.00000000000246	2.45564983278324e-12	1	0	0	18	9131
SM00990	VRR_NUC	1.00000000000246	2.45564983278324e-12	1	0	0	18	9131
SM00254	ShKT	1.00000000000246	2.45564983278324e-12	1	0	0	18	9131
SM00934	OMPdecase	1.00000000000246	2.45564983278324e-12	1	0	0	18	9131
SM00995	AD	1.00000000000246	2.45564983278324e-12	1	0	0	18	9131
SM00870	Asparaginase	1.00000000000246	2.45564983278324e-12	1	0	0	18	9131
SM01032	BHD_3	1.00000000000246	2.45564983278324e-12	1	0	0	18	9131
SM01077	Cg6151-P	1.00000000000246	2.45564983278324e-12	1	0	0	18	9131
SM00530	HTH_XRE	1.00000000000246	2.45564983278324e-12	1	0	0	18	9131
SM01001	AIRC	1.00000000000246	2.45564983278324e-12	1	0	0	18	9131
SM01030	BHD_1	1.00000000000246	2.45564983278324e-12	1	0	0	18	9131
SM00127	IL7	1.00000000000246	2.45564983278324e-12	1	0	0	18	9131
SM00521	CBF	1.00000000000246	2.45564983278324e-12	1	0	0	18	9131
SM00189	IL2	1.00000000000246	2.45564983278324e-12	1	0	0	18	9131
SM00983	TPK_B1_binding	1.00000000000246	2.45564983278324e-12	1	0	0	18	9131
SM00752	HTTM	1.00000000000246	2.45564983278324e-12	1	0	0	18	9131
SM01102	CRM1_C	1.00000000000246	2.45564983278324e-12	1	0	0	18	9131
SM00898	Fapy_DNA_glyco	1.00000000000246	2.45564983278324e-12	1	0	0	18	9131
SM00567	EZ_HEAT	1.00000000000246	2.45564983278324e-12	1	0	0	18	9131
SM00538	POP4	1.00000000000246	2.45564983278324e-12	1	0	0	18	9131
SM01044	Btz	1.00000000000246	2.45564983278324e-12	1	0	0	18	9131
SM01013	APC2	1.00000000000246	2.45564983278324e-12	1	0	0	18	9131
SM00762	Cog4	1.00000000000246	2.45564983278324e-12	1	0	0	18	9131
SM00932	Nfu_N	1.00000000000246	2.45564983278324e-12	1	0	0	18	9131
SM01016	Arg_tRNA_synt_N	1.00000000000246	2.45564983278324e-12	1	0	0	18	9131
SM00845	GatB_Yqey	1.00000000000246	2.45564983278324e-12	1	0	0	18	9131
SM00946	ProRS-C_1	1.00000000000246	2.45564983278324e-12	1	0	0	18	9131
SM00084	NMU	1.00000000000246	2.45564983278324e-12	1	0	0	18	9131
SM00654	eIF6	1.00000000000246	2.45564983278324e-12	1	0	0	18	9131
SM00277	GRAN	1.00000000000246	2.45564983278324e-12	1	0	0	18	9131
SM00874	B5	1.00000000000246	2.45564983278324e-12	1	0	0	18	9131
SM00798	AICARFT_IMPCHas	1.00000000000246	2.45564983278324e-12	1	0	0	18	9131
SM01004	ALAD	1.00000000000246	2.45564983278324e-12	1	0	0	18	9131
SM00019	SF_P	1.00000000000246	2.45564983278324e-12	1	0	0	18	9131
SM01033	BING4CT	1.00000000000246	2.45564983278324e-12	1	0	0	18	9131
SM01075	CDT1	1.00000000000246	2.45564983278324e-12	1	0	0	18	9131
SM00910	HIRAN	1.00000000000246	2.45564983278324e-12	1	0	0	18	9131
SM00780	PIG-X	1.00000000000246	2.45564983278324e-12	1	0	0	18	9131
SM01085	CK_II_beta	1.00000000000246	2.45564983278324e-12	1	0	0	18	9131
SM00203	TK	1.00000000000246	2.45564983278324e-12	1	0	0	18	9131
SM00613	PAW	1.00000000000246	2.45564983278324e-12	1	0	0	18	9131
SM00976	Telo_bind	1.00000000000246	2.45564983278324e-12	1	0	0	18	9131
SM01035	BOP1NT	1.00000000000246	2.45564983278324e-12	1	0	0	18	9131
SM00226	LMWPc	1.00000000000246	2.45564983278324e-12	1	0	0	18	9131
SM00507	HNHc	1.00000000000246	2.45564983278324e-12	1	0	0	18	9131
SM00709	Zpr1	1.00000000000246	2.45564983278324e-12	1	0	0	18	9131
SM01060	Catalase	1.00000000000246	2.45564983278324e-12	1	0	0	18	9131
SM00881	CoA_binding	1.00000000000246	2.45564983278324e-12	1	0	0	18	9131
SM00817	Amelin	1.00000000000246	2.45564983278324e-12	1	0	0	18	9131
SM00944	Pro-kuma_activ	1.00000000000246	2.45564983278324e-12	1	0	0	18	9131
SM00017	OSTEO	1.00000000000246	2.45564983278324e-12	1	0	0	18	9131
SM01036	BP28CT	1.00000000000246	2.45564983278324e-12	1	0	0	18	9131
SM01069	CDC37_C	1.00000000000246	2.45564983278324e-12	1	0	0	18	9131
SM00719	Plus3	1.00000000000246	2.45564983278324e-12	1	0	0	18	9131
SM00318	SNc	1.00000000000246	2.45564983278324e-12	1	0	0	18	9131
SM00975	Telomerase_RBD	1.00000000000246	2.45564983278324e-12	1	0	0	18	9131
SM00575	ZnF_PMZ	1.00000000000246	2.45564983278324e-12	1	0	0	18	9131
SM01087	COG6	1.00000000000246	2.45564983278324e-12	1	0	0	18	9131
SM00095	TR_THY	1.00000000000246	2.45564983278324e-12	1	0	0	18	9131
SM00998	ADSL_C	1.00000000000246	2.45564983278324e-12	1	0	0	18	9131
SM00748	HEPN	1.00000000000246	2.45564983278324e-12	1	0	0	18	9131
SM01098	CPSF73-100_C	1.00000000000246	2.45564983278324e-12	1	0	0	18	9131
SM00754	CHRD	1.00000000000246	2.45564983278324e-12	1	0	0	18	9131
SM00067	GHA	1.00000000000246	2.45564983278324e-12	1	0	0	18	9131
SM00023	COLIPASE	1.00000000000246	2.45564983278324e-12	1	0	0	18	9131
SM00289	WR1	1.00000000000246	2.45564983278324e-12	1	0	0	18	9131
SM00531	TFIIE	1.00000000000246	2.45564983278324e-12	1	0	0	18	9131
SM00157	PRP	1.00000000000246	2.45564983278324e-12	1	0	0	18	9131
SM00984	UDPG_MGDP_dh_C	1.00000000000246	2.45564983278324e-12	1	0	0	18	9131
SM00658	RPOL8c	1.00000000000246	2.45564983278324e-12	1	0	0	18	9131
SM01024	BCS1_N	1.00000000000246	2.45564983278324e-12	1	0	0	18	9131
SM00883	Cpn10	1.00000000000246	2.45564983278324e-12	1	0	0	18	9131
SM00659	RPOLCX	1.00000000000246	2.45564983278324e-12	1	0	0	18	9131
SM01018	B12-binding_2	1.00000000000246	2.45564983278324e-12	1	0	0	18	9131
SM00922	MR_MLE	1.00000000000246	2.45564983278324e-12	1	0	0	18	9131
SM00805	AGTRAP	1.00000000000246	2.45564983278324e-12	1	0	0	18	9131
SM00245	TSPc	1.00000000000246	2.45564983278324e-12	1	0	0	18	9131
SM00858	SAF	1.00000000000246	2.45564983278324e-12	1	0	0	18	9131
SM00784	SPT2	1.00000000000246	2.45564983278324e-12	1	0	0	18	9131
SM00822	PKS_KR	1.00000000000246	2.45564983278324e-12	1	0	0	18	9131
SM00060	FN3	1.00000000000248	2.48397377646116e-12	187	0	0	18	9131
SM00209	TSP1	1.00000000000271	2.70672915022476e-12	65	0	0	18	9131
SM00109	C1	1.00000000000271	2.70672915022476e-12	65	0	0	18	9131
SM00407	IGc1	1.00000000000309	3.08745481428716e-12	40	0	0	18	9131
SM00242	MYSc	1.00000000000329	3.29334680823489e-12	38	0	0	18	9131
SM00433	TOP2c	1.00000000000331	3.30550332140134e-12	2	0	0	18	9131
SM01096	CPSase_L_D3	1.00000000000331	3.30550332140134e-12	2	0	0	18	9131
SM00882	CoA_trans	1.00000000000331	3.30550332140134e-12	2	0	0	18	9131
SM00494	ChtBD2	1.00000000000331	3.30550332140134e-12	2	0	0	18	9131
SM00559	Ku78	1.00000000000331	3.30550332140134e-12	2	0	0	18	9131
SM00661	RPOL9	1.00000000000331	3.30550332140134e-12	2	0	0	18	9131
SM00392	PROF	1.00000000000331	3.30550332140134e-12	2	0	0	18	9131
SM01002	AlaDh_PNT_C	1.00000000000331	3.30550332140134e-12	2	0	0	18	9131
SM00657	RPOL4c	1.00000000000331	3.30550332140134e-12	2	0	0	18	9131
SM00788	Adenylsucc_synt	1.00000000000331	3.30550332140134e-12	2	0	0	18	9131
SM00581	PSP	1.00000000000331	3.30550332140134e-12	2	0	0	18	9131
SM00035	CLa	1.00000000000331	3.30550332140134e-12	2	0	0	18	9131
SM00434	TOP4c	1.00000000000331	3.30550332140134e-12	2	0	0	18	9131
SM01097	CPSase_sm_chain	1.00000000000331	3.30550332140134e-12	2	0	0	18	9131
SM00803	TAF	1.00000000000331	3.30550332140134e-12	2	0	0	18	9131
SM00714	LITAF	1.00000000000331	3.30550332140134e-12	2	0	0	18	9131
SM01011	AMP_N	1.00000000000331	3.30550332140134e-12	2	0	0	18	9131
SM00493	TOPRIM	1.00000000000331	3.30550332140134e-12	2	0	0	18	9131
SM00649	RL11	1.00000000000331	3.30550332140134e-12	2	0	0	18	9131
SM00853	MutL_C	1.00000000000331	3.30550332140134e-12	2	0	0	18	9131
SM01000	Aha1_N	1.00000000000331	3.30550332140134e-12	2	0	0	18	9131
SM01003	AlaDh_PNT_N	1.00000000000331	3.30550332140134e-12	2	0	0	18	9131
SM00896	FDX-ACB	1.00000000000331	3.30550332140134e-12	2	0	0	18	9131
SM00684	DM15	1.00000000000331	3.30550332140134e-12	2	0	0	18	9131
SM00653	eIF2B_5	1.00000000000331	3.30550332140134e-12	2	0	0	18	9131
SM00638	LPD_N	1.00000000000331	3.30550332140134e-12	2	0	0	18	9131
SM00732	YqgFc	1.00000000000331	3.30550332140134e-12	2	0	0	18	9131
SM00525	FES	1.00000000000331	3.30550332140134e-12	2	0	0	18	9131
SM01076	CG-1	1.00000000000331	3.30550332140134e-12	2	0	0	18	9131
SM00902	Fe_hyd_SSU	1.00000000000331	3.30550332140134e-12	2	0	0	18	9131
SM01084	CKS	1.00000000000331	3.30550332140134e-12	2	0	0	18	9131
SM01070	CDC37_M	1.00000000000331	3.30550332140134e-12	2	0	0	18	9131
SM00807	AKAP_110	1.00000000000331	3.30550332140134e-12	2	0	0	18	9131
SM00003	NH	1.00000000000331	3.30550332140134e-12	2	0	0	18	9131
SM00151	SWIB	1.00000000000331	3.30550332140134e-12	2	0	0	18	9131
SM00586	ZnF_DBF	1.00000000000331	3.30550332140134e-12	2	0	0	18	9131
SM00888	EF1_GNE	1.00000000000331	3.30550332140134e-12	2	0	0	18	9131
SM00915	Jacalin	1.00000000000331	3.30550332140134e-12	2	0	0	18	9131
SM00178	SAR	1.00000000000331	3.30550332140134e-12	2	0	0	18	9131
SM00963	SRP54_N	1.00000000000331	3.30550332140134e-12	2	0	0	18	9131
SM00466	SRA	1.00000000000331	3.30550332140134e-12	2	0	0	18	9131
SM00731	SprT	1.00000000000331	3.30550332140134e-12	2	0	0	18	9131
SM00956	RQC	1.00000000000331	3.30550332140134e-12	2	0	0	18	9131
SM00758	PA14	1.00000000000331	3.30550332140134e-12	2	0	0	18	9131
SM01028	Beta-TrCP_D	1.00000000000331	3.30550332140134e-12	2	0	0	18	9131
SM00761	HDAC_interact	1.00000000000331	3.30550332140134e-12	2	0	0	18	9131
SM00551	ZnF_TAZ	1.00000000000331	3.30550332140134e-12	2	0	0	18	9131
SM00190	IL4_13	1.00000000000331	3.30550332140134e-12	2	0	0	18	9131
SM00777	Mad3_BUB1_I	1.00000000000331	3.30550332140134e-12	2	0	0	18	9131
SM00555	GIT	1.00000000000331	3.30550332140134e-12	2	0	0	18	9131
SM00756	VKc	1.00000000000331	3.30550332140134e-12	2	0	0	18	9131
SM00986	UDG	1.00000000000331	3.30550332140134e-12	2	0	0	18	9131
SM00818	Amelogenin	1.00000000000331	3.30550332140134e-12	2	0	0	18	9131
SM00792	Agouti	1.00000000000331	3.30550332140134e-12	2	0	0	18	9131
SM00951	QLQ	1.00000000000331	3.30550332140134e-12	2	0	0	18	9131
SM00560	LamGL	1.00000000000331	3.30550332140134e-12	2	0	0	18	9131
SM00937	PCRF	1.00000000000331	3.30550332140134e-12	2	0	0	18	9131
SM01074	Cdc6_C	1.00000000000331	3.30550332140134e-12	2	0	0	18	9131
SM01010	AMPKBI	1.00000000000331	3.30550332140134e-12	2	0	0	18	9131
SM01086	ClpB_D2-small	1.00000000000331	3.30550332140134e-12	2	0	0	18	9131
SM00193	PTN	1.00000000000331	3.30550332140134e-12	2	0	0	18	9131
SM00176	RAN	1.00000000000331	3.30550332140134e-12	2	0	0	18	9131
SM00785	AARP2CN	1.00000000000331	3.30550332140134e-12	2	0	0	18	9131
SM00839	ELFV_dehydrog	1.00000000000331	3.30550332140134e-12	2	0	0	18	9131
SM00705	THEG	1.00000000000331	3.30550332140134e-12	2	0	0	18	9131
SM00029	GASTRIN	1.00000000000331	3.30550332140134e-12	2	0	0	18	9131
SM01023	BAF	1.00000000000331	3.30550332140134e-12	2	0	0	18	9131
SM00829	PKS_ER	1.00000000000331	3.30550332140134e-12	2	0	0	18	9131
SM00804	TAP_C	1.00000000000331	3.30550332140134e-12	2	0	0	18	9131
SM00873	B3_4	1.00000000000331	3.30550332140134e-12	2	0	0	18	9131
SM00846	Gp_dh_N	1.00000000000331	3.30550332140134e-12	2	0	0	18	9131
SM00808	FABD	1.00000000000331	3.30550332140134e-12	2	0	0	18	9131
SM00993	YL1_C	1.00000000000331	3.30550332140134e-12	2	0	0	18	9131
SM00860	SMI1_KNR4	1.00000000000331	3.30550332140134e-12	2	0	0	18	9131
SM00080	LIF_OSM	1.00000000000331	3.30550332140134e-12	2	0	0	18	9131
SM00682	G2F	1.00000000000331	3.30550332140134e-12	2	0	0	18	9131
SM01092	CO_deh_flav_C	1.00000000000331	3.30550332140134e-12	2	0	0	18	9131
SM00090	RIO	1.00000000000331	3.30550332140134e-12	2	0	0	18	9131
SM00512	Skp1	1.00000000000331	3.30550332140134e-12	2	0	0	18	9131
SM00437	TOP1Ac	1.00000000000331	3.30550332140134e-12	2	0	0	18	9131
SM00650	rADc	1.00000000000331	3.30550332140134e-12	2	0	0	18	9131
SM00464	LON	1.00000000000331	3.30550332140134e-12	2	0	0	18	9131
SM00852	MoCF_biosynth	1.00000000000331	3.30550332140134e-12	2	0	0	18	9131
SM00435	TOPEUc	1.00000000000331	3.30550332140134e-12	2	0	0	18	9131
SM00978	Tim44	1.00000000000331	3.30550332140134e-12	2	0	0	18	9131
SM00500	SFM	1.00000000000331	3.30550332140134e-12	2	0	0	18	9131
SM00635	BID_2	1.00000000000331	3.30550332140134e-12	2	0	0	18	9131
SM00893	ETF	1.00000000000331	3.30550332140134e-12	2	0	0	18	9131
SM00812	Alpha_L_fucos	1.00000000000331	3.30550332140134e-12	2	0	0	18	9131
SM00417	H4	1.00000000000331	3.30550332140134e-12	2	0	0	18	9131
SM00388	HisKA	1.00000000000331	3.30550332140134e-12	2	0	0	18	9131
SM00962	SRP54	1.00000000000331	3.30550332140134e-12	2	0	0	18	9131
SM00436	TOP1Bc	1.00000000000331	3.30550332140134e-12	2	0	0	18	9131
SM00967	SpoU_sub_bind	1.00000000000331	3.30550332140134e-12	2	0	0	18	9131
SM00087	PTH	1.00000000000331	3.30550332140134e-12	2	0	0	18	9131
SM00536	AXH	1.00000000000331	3.30550332140134e-12	2	0	0	18	9131
SM00030	CLb	1.00000000000331	3.30550332140134e-12	2	0	0	18	9131
SM00662	RPOLD	1.00000000000331	3.30550332140134e-12	2	0	0	18	9131
SM01104	CTD	1.00000000000331	3.30550332140134e-12	2	0	0	18	9131
SM00223	APPLE	1.00000000000331	3.30550332140134e-12	2	0	0	18	9131
SM01047	C1_4	1.00000000000331	3.30550332140134e-12	2	0	0	18	9131
SM00685	DM14	1.00000000000331	3.30550332140134e-12	2	0	0	18	9131
SM00992	YccV-like	1.00000000000331	3.30550332140134e-12	2	0	0	18	9131
SM00438	ZnF_NFX	1.00000000000331	3.30550332140134e-12	2	0	0	18	9131
SM00469	WIF	1.00000000000331	3.30550332140134e-12	2	0	0	18	9131
SM01072	CDC48_2	1.00000000000331	3.30550332140134e-12	2	0	0	18	9131
SM01008	Ald_Xan_dh_C	1.00000000000331	3.30550332140134e-12	2	0	0	18	9131
SM00313	PXA	1.00000000000331	3.30550332140134e-12	2	0	0	18	9131
SM00078	IlGF	1.0000000000048	4.80208668005183e-12	11	0	0	18	9131
SM00244	PHB	1.0000000000048	4.80208668005183e-12	11	0	0	18	9131
SM00274	FOLN	1.0000000000048	4.80208668005183e-12	11	0	0	18	9131
SM00310	PTBI	1.0000000000048	4.80208668005183e-12	11	0	0	18	9131
SM00439	BAH	1.0000000000048	4.80208668005183e-12	11	0	0	18	9131
SM00038	COLFI	1.0000000000048	4.80208668005183e-12	11	0	0	18	9131
SM00460	TGc	1.0000000000048	4.80208668005183e-12	11	0	0	18	9131
SM00744	RINGv	1.0000000000048	4.80208668005183e-12	11	0	0	18	9131
SM00446	LRRcap	1.0000000000048	4.80208668005183e-12	11	0	0	18	9131
SM00591	RWD	1.0000000000048	4.80208668005183e-12	11	0	0	18	9131
SM00249	PHD	1.00000000000499	4.99473894201896e-12	91	0	0	18	9131
SM00336	BBOX	1.00000000000557	5.5705331924037e-12	69	0	0	18	9131
SM00468	PreSET	1.00000000000567	5.67360457219678e-12	5	0	0	18	9131
SM00363	S4	1.00000000000567	5.67360457219678e-12	5	0	0	18	9131
SM00878	Biotin_carb_C	1.00000000000567	5.67360457219678e-12	5	0	0	18	9131
SM00404	PTPc_motif	1.00000000000567	5.67360457219678e-12	5	0	0	18	9131
SM00891	ERCC4	1.00000000000567	5.67360457219678e-12	5	0	0	18	9131
SM00879	Brix	1.00000000000567	5.67360457219678e-12	5	0	0	18	9131
SM00484	XPGI	1.00000000000567	5.67360457219678e-12	5	0	0	18	9131
SM00096	UTG	1.00000000000567	5.67360457219678e-12	5	0	0	18	9131
SM00541	FYRN	1.00000000000567	5.67360457219678e-12	5	0	0	18	9131
SM00673	CARP	1.00000000000567	5.67360457219678e-12	5	0	0	18	9131
SM00991	WHEP-TRS	1.00000000000567	5.67360457219678e-12	5	0	0	18	9131
SM00602	VPS10	1.00000000000567	5.67360457219678e-12	5	0	0	18	9131
SM00474	35EXOc	1.00000000000567	5.67360457219678e-12	5	0	0	18	9131
SM00473	PAN_AP	1.00000000000567	5.67360457219678e-12	5	0	0	18	9131
SM00572	DZF	1.00000000000567	5.67360457219678e-12	5	0	0	18	9131
SM00580	PUG	1.00000000000567	5.67360457219678e-12	5	0	0	18	9131
SM00104	ANATO	1.00000000000567	5.67360457219678e-12	5	0	0	18	9131
SM00642	Aamy	1.00000000000567	5.67360457219678e-12	5	0	0	18	9131
SM00517	PolyA	1.00000000000567	5.67360457219678e-12	5	0	0	18	9131
SM00552	ADEAMc	1.00000000000567	5.67360457219678e-12	5	0	0	18	9131
SM00527	HMG17	1.00000000000567	5.67360457219678e-12	5	0	0	18	9131
SM00549	TAFH	1.00000000000567	5.67360457219678e-12	5	0	0	18	9131
SM00533	MUTSd	1.00000000000567	5.67360457219678e-12	5	0	0	18	9131
SM00679	CTNS	1.00000000000567	5.67360457219678e-12	5	0	0	18	9131
SM00750	KIND	1.00000000000567	5.67360457219678e-12	5	0	0	18	9131
SM00021	DAX	1.00000000000567	5.67360457219678e-12	5	0	0	18	9131
SM00603	LCCL	1.00000000000567	5.67360457219678e-12	5	0	0	18	9131
SM00614	ZnF_BED	1.00000000000567	5.67360457219678e-12	5	0	0	18	9131
SM00279	HhH2	1.00000000000567	5.67360457219678e-12	5	0	0	18	9131
SM00570	AWS	1.00000000000567	5.67360457219678e-12	5	0	0	18	9131
SM00872	Alpha-mann_mid	1.00000000000567	5.67360457219678e-12	5	0	0	18	9131
SM00765	MANEC	1.00000000000567	5.67360457219678e-12	5	0	0	18	9131
SM00539	NIDO	1.00000000000567	5.67360457219678e-12	5	0	0	18	9131
SM00510	TFS2M	1.00000000000567	5.67360457219678e-12	5	0	0	18	9131
SM00734	ZnF_Rad18	1.00000000000567	5.67360457219678e-12	5	0	0	18	9131
SM00584	TLDc	1.00000000000567	5.67360457219678e-12	5	0	0	18	9131
SM01015	Arfaptin	1.00000000000567	5.67360457219678e-12	5	0	0	18	9131
SM01041	BRO1	1.00000000000567	5.67360457219678e-12	5	0	0	18	9131
SM00592	BRK	1.00000000000567	5.67360457219678e-12	5	0	0	18	9131
SM00833	CobW_C	1.00000000000567	5.67360457219678e-12	5	0	0	18	9131
SM00485	XPGN	1.00000000000567	5.67360457219678e-12	5	0	0	18	9131
SM00264	BAG	1.00000000000567	5.67360457219678e-12	5	0	0	18	9131
SM00534	MUTSac	1.00000000000567	5.67360457219678e-12	5	0	0	18	9131
SM00571	DDT	1.00000000000567	5.67360457219678e-12	5	0	0	18	9131
SM00214	VWC	1.00000000000576	5.76152661089738e-12	39	0	0	18	9131
SM00322	KH	1.00000000000576	5.76152661089738e-12	39	0	0	18	9131
SM00969	SOCS_box	1.00000000000576	5.76152661089738e-12	39	0	0	18	9131
SM00036	CNH	1.00000000000615	6.15353038945511e-12	10	0	0	18	9131
SM00755	Grip	1.00000000000615	6.15353038945511e-12	10	0	0	18	9131
SM00102	ADF	1.00000000000615	6.15353038945511e-12	10	0	0	18	9131
SM00027	EH	1.00000000000615	6.15353038945511e-12	10	0	0	18	9131
SM00128	IPPc	1.00000000000615	6.15353038945511e-12	10	0	0	18	9131
SM00472	MIR	1.00000000000615	6.15353038945511e-12	10	0	0	18	9131
SM00855	PGAM	1.00000000000615	6.15353038945511e-12	10	0	0	18	9131
SM01052	CAP_GLY	1.00000000000615	6.15353038945511e-12	10	0	0	18	9131
SM00562	NDK	1.00000000000615	6.15353038945511e-12	10	0	0	18	9131
SM00085	PA2c	1.00000000000615	6.15353038945511e-12	10	0	0	18	9131
SM01017	Arrestin_C	1.00000000000615	6.15353038945511e-12	10	0	0	18	9131
SM00557	IG_FLMN	1.00000000000615	6.15353038945511e-12	10	0	0	18	9131
SM00045	DAGKa	1.00000000000615	6.15353038945511e-12	10	0	0	18	9131
SM00745	MIT	1.00000000000615	6.15353038945511e-12	10	0	0	18	9131
SM00382	AAA	1.00000000000646	6.45859506676701e-12	144	0	0	18	9131
SM00960	Robl_LC7	1.00000000000656	6.55652933149587e-12	3	0	0	18	9131
SM00478	ENDO3c	1.00000000000656	6.55652933149587e-12	3	0	0	18	9131
SM00981	THUMP	1.00000000000656	6.55652933149587e-12	3	0	0	18	9131
SM00057	FIMAC	1.00000000000656	6.55652933149587e-12	3	0	0	18	9131
SM00183	NAT_PEP	1.00000000000656	6.55652933149587e-12	3	0	0	18	9131
SM00299	CLH	1.00000000000656	6.55652933149587e-12	3	0	0	18	9131
SM00997	AdoHcyase_NAD	1.00000000000656	6.55652933149587e-12	3	0	0	18	9131
SM00676	DM10	1.00000000000656	6.55652933149587e-12	3	0	0	18	9131
SM00773	WGR	1.00000000000656	6.55652933149587e-12	3	0	0	18	9131
SM01022	ASCH	1.00000000000656	6.55652933149587e-12	3	0	0	18	9131
SM00444	GYF	1.00000000000656	6.55652933149587e-12	3	0	0	18	9131
SM00588	NEUZ	1.00000000000656	6.55652933149587e-12	3	0	0	18	9131
SM00706	TECPR	1.00000000000656	6.55652933149587e-12	3	0	0	18	9131
SM01083	Cir_N	1.00000000000656	6.55652933149587e-12	3	0	0	18	9131
SM00996	AdoHcyase	1.00000000000656	6.55652933149587e-12	3	0	0	18	9131
SM00305	HintC	1.00000000000656	6.55652933149587e-12	3	0	0	18	9131
SM00553	SEP	1.00000000000656	6.55652933149587e-12	3	0	0	18	9131
SM00300	ChSh	1.00000000000656	6.55652933149587e-12	3	0	0	18	9131
SM00162	SAPA	1.00000000000656	6.55652933149587e-12	3	0	0	18	9131
SM00712	PUR	1.00000000000656	6.55652933149587e-12	3	0	0	18	9131
SM00309	PAH	1.00000000000656	6.55652933149587e-12	3	0	0	18	9131
SM00736	CADG	1.00000000000656	6.55652933149587e-12	3	0	0	18	9131
SM00663	RPOLA_N	1.00000000000656	6.55652933149587e-12	3	0	0	18	9131
SM00143	PI3K_p85B	1.00000000000656	6.55652933149587e-12	3	0	0	18	9131
SM00851	MGS	1.00000000000656	6.55652933149587e-12	3	0	0	18	9131
SM00573	HSA	1.00000000000656	6.55652933149587e-12	3	0	0	18	9131
SM00094	TR_FER	1.00000000000656	6.55652933149587e-12	3	0	0	18	9131
SM00594	UAS	1.00000000000656	6.55652933149587e-12	3	0	0	18	9131
SM00735	ZM	1.00000000000656	6.55652933149587e-12	3	0	0	18	9131
SM00459	Sorb	1.00000000000656	6.55652933149587e-12	3	0	0	18	9131
SM00751	BSD	1.00000000000656	6.55652933149587e-12	3	0	0	18	9131
SM00039	CRF	1.00000000000656	6.55652933149587e-12	3	0	0	18	9131
SM00652	eIF1a	1.00000000000656	6.55652933149587e-12	3	0	0	18	9131
SM00723	AMOP	1.00000000000656	6.55652933149587e-12	3	0	0	18	9131
SM00722	CASH	1.00000000000656	6.55652933149587e-12	3	0	0	18	9131
SM00306	HintN	1.00000000000656	6.55652933149587e-12	3	0	0	18	9131
SM00672	CAP10	1.00000000000656	6.55652933149587e-12	3	0	0	18	9131
SM00916	L51_S25_CI-B8	1.00000000000656	6.55652933149587e-12	3	0	0	18	9131
SM01020	B2-adapt-app_C	1.00000000000656	6.55652933149587e-12	3	0	0	18	9131
SM00341	HRDC	1.00000000000656	6.55652933149587e-12	3	0	0	18	9131
SM00002	PLP	1.00000000000656	6.55652933149587e-12	3	0	0	18	9131
SM00311	PWI	1.00000000000656	6.55652933149587e-12	3	0	0	18	9131
SM00836	DALR_1	1.00000000000656	6.55652933149587e-12	3	0	0	18	9131
SM00535	RIBOc	1.00000000000656	6.55652933149587e-12	3	0	0	18	9131
SM01051	CAMSAP_CKK	1.00000000000656	6.55652933149587e-12	3	0	0	18	9131
SM00611	SEC63	1.00000000000656	6.55652933149587e-12	3	0	0	18	9131
SM01073	CDC48_N	1.00000000000656	6.55652933149587e-12	3	0	0	18	9131
SM00488	DEXDc2	1.00000000000656	6.55652933149587e-12	3	0	0	18	9131
SM00931	NOSIC	1.00000000000656	6.55652933149587e-12	3	0	0	18	9131
SM00272	END	1.00000000000656	6.55652933149587e-12	3	0	0	18	9131
SM00597	ZnF_TTF	1.00000000000656	6.55652933149587e-12	3	0	0	18	9131
SM00704	ZnF_CDGSH	1.00000000000656	6.55652933149587e-12	3	0	0	18	9131
SM00396	ZnF_UBR1	1.00000000000656	6.55652933149587e-12	3	0	0	18	9131
SM00113	CALCITONIN	1.00000000000656	6.55652933149587e-12	3	0	0	18	9131
SM00321	WSC	1.00000000000656	6.55652933149587e-12	3	0	0	18	9131
SM00576	BTP	1.00000000000656	6.55652933149587e-12	3	0	0	18	9131
SM01065	CBM_2	1.00000000000656	6.55652933149587e-12	3	0	0	18	9131
SM00265	BH4	1.00000000000656	6.55652933149587e-12	3	0	0	18	9131
SM00919	Malic_M	1.00000000000656	6.55652933149587e-12	3	0	0	18	9131
SM00482	POLAc	1.00000000000656	6.55652933149587e-12	3	0	0	18	9131
SM00985	UBA_e1_C	1.00000000000656	6.55652933149587e-12	3	0	0	18	9131
SM00006	A4_EXTRA	1.00000000000656	6.55652933149587e-12	3	0	0	18	9131
SM00063	FRI	1.00000000000682	6.81937816491142e-12	19	0	0	18	9131
SM00414	H2A	1.00000000000682	6.81937816491142e-12	19	0	0	18	9131
SM00608	ACR	1.00000000000682	6.81937816491142e-12	19	0	0	18	9131
SM00291	ZnF_ZZ	1.00000000000682	6.81937816491142e-12	19	0	0	18	9131
SM00097	WNT1	1.00000000000682	6.81937816491142e-12	19	0	0	18	9131
SM00191	Int_alpha	1.00000000000682	6.81937816491142e-12	19	0	0	18	9131
SM00358	DSRM	1.00000000000682	6.81937816491142e-12	19	0	0	18	9131
SM00020	Tryp_SPc	1.0000000000069	6.89984127244657e-12	113	0	0	18	9131
SM00320	WD40	1.00000000000742	7.41916880272789e-12	267	0	0	18	9131
SM00028	TPR	1.00000000000768	7.68295860478143e-12	93	0	0	18	9131
SM00458	RICIN	1.00000000000809	8.08602648018005e-12	27	0	0	18	9131
SM00110	C1Q	1.00000000000809	8.08602648018005e-12	27	0	0	18	9131
SM00173	RAS	1.00000000000809	8.08602648018005e-12	27	0	0	18	9131
SM00119	HECTc	1.00000000000809	8.08602648018005e-12	27	0	0	18	9131
SM00429	IPT	1.00000000000809	8.08602648018005e-12	27	0	0	18	9131
SM00121	IB	1.0000000000085	8.50353923449923e-12	18	0	0	18	9131
SM00831	Cation_ATPase_N	1.0000000000085	8.50353923449923e-12	18	0	0	18	9131
SM00261	FU	1.0000000000085	8.50353923449923e-12	18	0	0	18	9131
SM00387	HATPase_c	1.0000000000085	8.50353923449923e-12	18	0	0	18	9131
SM00044	CYCc	1.0000000000085	8.50353923449923e-12	18	0	0	18	9131
SM00079	PBPe	1.0000000000085	8.50353923449923e-12	18	0	0	18	9131
SM00847	HA2	1.0000000000085	8.50353923449923e-12	18	0	0	18	9131
SM00014	acidPPc	1.0000000000085	8.50353923449923e-12	18	0	0	18	9131
SM00918	Lig_chan-Glu_bd	1.0000000000085	8.50353923449923e-12	18	0	0	18	9131
SM00195	DSPc	1.00000000000856	8.55796502284544e-12	29	0	0	18	9131
SM00064	FYVE	1.00000000000856	8.55796502284544e-12	29	0	0	18	9131
SM00185	ARM	1.00000000000856	8.55796502284544e-12	29	0	0	18	9131
SM00186	FBG	1.00000000000856	8.55796502284544e-12	29	0	0	18	9131
SM00202	SR	1.00000000000913	9.12719260105633e-12	23	0	0	18	9131
SM00210	TSPN	1.00000000000913	9.12719260105633e-12	23	0	0	18	9131
SM00547	ZnF_RBZ	1.00000000000913	9.12719260105633e-12	23	0	0	18	9131
SM00513	SAP	1.00000000000913	9.12719260105633e-12	23	0	0	18	9131
SM00008	HormR	1.00000000000913	9.12719260105633e-12	23	0	0	18	9131
SM00355	ZnF_C2H2	1.00000000000918	9.17540143262013e-12	800	0	0	18	9131
SM00145	PI3Ka	1.00000000001005	1.00504430837826e-11	9	0	0	18	9131
SM00288	VHS	1.00000000001005	1.00504430837826e-11	9	0	0	18	9131
SM00351	PAX	1.00000000001005	1.00504430837826e-11	9	0	0	18	9131
SM00329	BPI2	1.00000000001005	1.00504430837826e-11	9	0	0	18	9131
SM00328	BPI1	1.00000000001005	1.00504430837826e-11	9	0	0	18	9131
SM00201	SO	1.00000000001005	1.00504430837826e-11	9	0	0	18	9131
SM00949	PAZ	1.00000000001005	1.00504430837826e-11	9	0	0	18	9131
SM01025	BEN	1.00000000001005	1.00504430837826e-11	9	0	0	18	9131
SM00809	Alpha_adaptinC2	1.00000000001005	1.00504430837826e-11	9	0	0	18	9131
SM00386	HAT	1.00000000001005	1.00504430837826e-11	9	0	0	18	9131
SM00668	CTLH	1.00000000001005	1.00504430837826e-11	9	0	0	18	9131
SM01026	Beach	1.00000000001005	1.00504430837826e-11	9	0	0	18	9131
SM01039	BRICHOS	1.00000000001005	1.00504430837826e-11	9	0	0	18	9131
SM00543	MIF4G	1.00000000001005	1.00504430837826e-11	9	0	0	18	9131
SM00561	MBT	1.00000000001005	1.00504430837826e-11	9	0	0	18	9131
SM00921	MHC_II_beta	1.00000000001005	1.00504430837826e-11	9	0	0	18	9131
SM00348	IRF	1.00000000001005	1.00504430837826e-11	9	0	0	18	9131
SM00107	BTK	1.00000000001005	1.00504430837826e-11	9	0	0	18	9131
SM00089	PKD	1.00000000001005	1.00504430837826e-11	9	0	0	18	9131
SM00273	ENTH	1.00000000001005	1.00504430837826e-11	9	0	0	18	9131
SM00727	STI1	1.00000000001005	1.00504430837826e-11	9	0	0	18	9131
SM00141	PDGF	1.00000000001005	1.00504430837826e-11	9	0	0	18	9131
SM00356	ZnF_C3H1	1.00000000001009	1.00900037394817e-11	44	0	0	18	9131
SM00129	KISc	1.00000000001009	1.00900037394817e-11	44	0	0	18	9131
SM00213	UBQ	1.00000000001009	1.00900037394817e-11	44	0	0	18	9131
SM00282	LamG	1.00000000001009	1.00900037394817e-11	44	0	0	18	9131
SM00343	ZnF_C2HC	1.00000000001022	1.02186182965234e-11	41	0	0	18	9131
SM00297	BROMO	1.00000000001047	1.04674979371521e-11	43	0	0	18	9131
SM00312	PX	1.00000000001047	1.04674979371521e-11	43	0	0	18	9131
SM00112	CA	1.00000000001069	1.06905859176935e-11	115	0	0	18	9131
SM00516	SEC14	1.00000000001069	1.06909215757455e-11	25	0	0	18	9131
SM00451	ZnF_U1	1.00000000001069	1.06909215757455e-11	25	0	0	18	9131
SM00174	RHO	1.00000000001069	1.06909215757455e-11	25	0	0	18	9131
SM00333	TUDOR	1.00000000001069	1.06909215757455e-11	25	0	0	18	9131
SM00136	LamNT	1.00000000001079	1.07942609054878e-11	16	0	0	18	9131
SM00275	G_alpha	1.00000000001079	1.07942609054878e-11	16	0	0	18	9131
SM00427	H2B	1.00000000001079	1.07942609054878e-11	16	0	0	18	9131
SM00222	Sec7	1.00000000001079	1.07942609054878e-11	16	0	0	18	9131
SM00801	dDENN	1.00000000001079	1.07942609054878e-11	16	0	0	18	9131
SM00799	DENN	1.00000000001079	1.07942609054878e-11	16	0	0	18	9131
SM00130	KR	1.00000000001079	1.07942609054878e-11	16	0	0	18	9131
SM00088	PINT	1.00000000001079	1.07942609054878e-11	16	0	0	18	9131
SM00293	PWWP	1.00000000001079	1.07942609054878e-11	16	0	0	18	9131
SM00352	POU	1.00000000001079	1.07942609054878e-11	16	0	0	18	9131
SM00702	P4Hc	1.00000000001079	1.07942609054878e-11	16	0	0	18	9131
SM00114	CARD	1.00000000001079	1.07942609054878e-11	16	0	0	18	9131
SM00568	GRAM	1.00000000001079	1.07942609054878e-11	16	0	0	18	9131
SM00724	TLC	1.00000000001079	1.07942609054878e-11	16	0	0	18	9131
SM00913	IBN_N	1.00000000001079	1.07942609054878e-11	16	0	0	18	9131
SM00146	PI3Kc	1.00000000001079	1.07942609054878e-11	16	0	0	18	9131
SM00360	RRM	1.00000000001136	1.13554921786767e-11	215	0	0	18	9131
SM00349	KRAB	1.00000000001153	1.15277910575083e-11	365	0	0	18	9131
SM00208	TNFR	1.00000000001169	1.16914793701454e-11	26	0	0	18	9131
SM00086	PAC	1.00000000001169	1.16914793701454e-11	26	0	0	18	9131
SM00005	DEATH	1.00000000001169	1.16914793701454e-11	26	0	0	18	9131
SM00072	GuKc	1.00000000001169	1.16914793701454e-11	26	0	0	18	9131
SM00184	RING	1.00000000001199	1.19853874743785e-11	310	0	0	18	9131
SM00487	DEXDc	1.00000000001203	1.20312599136673e-11	109	0	0	18	9131
SM00298	CHROMO	1.00000000001284	1.28414167848562e-11	31	0	0	18	9131
SM00314	RA	1.00000000001284	1.28414167848562e-11	31	0	0	18	9131
SM00268	ACTIN	1.00000000001284	1.28414167848562e-11	31	0	0	18	9131
SM00462	PTB	1.00000000001284	1.28414167848562e-11	31	0	0	18	9131
SM00389	HOX	1.00000000001308	1.30835466771292e-11	231	0	0	18	9131
SM00132	LIM	1.00000000001373	1.37304546983851e-11	72	0	0	18	9131
SM00454	SAM	1.00000000001386	1.38579775115317e-11	88	0	0	18	9131
SM00219	TyrKc	1.00000000001386	1.38579775115317e-11	88	0	0	18	9131
SM00228	PDZ	1.00000000001399	1.39908445944872e-11	149	0	0	18	9131
SM00442	FGF	1.000000000014	1.40037532125985e-11	22	0	0	18	9131
SM00397	t_SNARE	1.000000000014	1.40037532125985e-11	22	0	0	18	9131
SM00177	ARF	1.000000000014	1.40037532125985e-11	22	0	0	18	9131
SM00292	BRCT	1.000000000014	1.40037532125985e-11	22	0	0	18	9131
SM00443	G_patch	1.000000000014	1.40037532125985e-11	22	0	0	18	9131
SM00406	IGv	1.000000000014	1.40037532125985e-11	22	0	0	18	9131
SM00450	RHOD	1.000000000014	1.40037532125985e-11	22	0	0	18	9131
SM00726	UIM	1.00000000001407	1.40698849526536e-11	21	0	0	18	9131
SM00049	DEP	1.00000000001407	1.40698849526536e-11	21	0	0	18	9131
SM00231	FA58C	1.00000000001407	1.40698849526536e-11	21	0	0	18	9131
SM00041	CT	1.00000000001407	1.40698849526536e-11	21	0	0	18	9131
SM00864	Tubulin	1.00000000001407	1.40698849526536e-11	21	0	0	18	9131
SM00050	DISIN	1.00000000001407	1.40698849526536e-11	21	0	0	18	9131
SM00875	BACK	1.00000000001408	1.40839636649121e-11	59	0	0	18	9131
SM00449	SPRY	1.00000000001408	1.40839636649121e-11	59	0	0	18	9131
SM00431	SCAN	1.00000000001435	1.43456070344738e-11	53	0	0	18	9131
SM00631	Zn_pept	1.00000000001507	1.50712596949335e-11	17	0	0	18	9131
SM00255	TIR	1.00000000001507	1.50712596949335e-11	17	0	0	18	9131
SM00425	TBOX	1.00000000001507	1.50712596949335e-11	17	0	0	18	9131
SM00076	IFabd	1.00000000001507	1.50712596949335e-11	17	0	0	18	9131
SM00211	TY	1.00000000001507	1.50712596949335e-11	17	0	0	18	9131
SM00131	KU	1.00000000001507	1.50712596949335e-11	17	0	0	18	9131
SM01057	Carb_anhydrase	1.00000000001507	1.50712596949335e-11	17	0	0	18	9131
SM00508	PostSET	1.00000000001507	1.50712596949335e-11	17	0	0	18	9131
SM00593	RUN	1.00000000001507	1.50712596949335e-11	17	0	0	18	9131
SM00224	GGL	1.00000000001507	1.50712596949335e-11	17	0	0	18	9131
SM00563	PlsC	1.00000000001507	1.50712596949335e-11	17	0	0	18	9131
SM00216	VWD	1.00000000001507	1.50712596949335e-11	17	0	0	18	9131
SM00043	CY	1.00000000001507	1.50712596949335e-11	17	0	0	18	9131
SM00651	Sm	1.00000000001507	1.50712596949335e-11	17	0	0	18	9131
SM00353	HLH	1.00000000001513	1.51300303673087e-11	114	0	0	18	9131
SM00015	IQ	1.00000000001521	1.52090549545729e-11	85	0	0	18	9131
SM00324	RhoGAP	1.0000000000153	1.52982932845226e-11	64	0	0	18	9131
SM00175	RAB	1.0000000000153	1.52982932845226e-11	64	0	0	18	9131
SM00317	SET	1.00000000001567	1.56713575804159e-11	47	0	0	18	9131
SM00456	WW	1.00000000001567	1.56713575804159e-11	47	0	0	18	9131
SM00526	H15	1.0000000000163	1.62975963700463e-11	13	0	0	18	9131
SM00569	L27	1.0000000000163	1.62975963700463e-11	13	0	0	18	9131
SM00721	BAR	1.0000000000163	1.62975963700463e-11	13	0	0	18	9131
SM00059	FN2	1.0000000000163	1.62975963700463e-11	13	0	0	18	9131
SM00284	OLF	1.0000000000163	1.62975963700463e-11	13	0	0	18	9131
SM00335	ANX	1.0000000000163	1.62975963700463e-11	13	0	0	18	9131
SM00645	Pept_C1	1.0000000000163	1.62975963700463e-11	13	0	0	18	9131
SM00115	CASc	1.0000000000163	1.62975963700463e-11	13	0	0	18	9131
SM00156	PP2Ac	1.0000000000163	1.62975963700463e-11	13	0	0	18	9131
SM00054	EFh	1.00000000001633	1.63325472240188e-11	143	0	0	18	9131
SM00326	SH3	1.00000000001638	1.63830896024301e-11	217	0	0	18	9131
SM00233	PH	1.00000000001656	1.65567648587129e-11	278	0	0	18	9131
SM00332	PP2Cc	1.000000000017	1.69972477161644e-11	20	0	0	18	9131
SM00865	Tubulin_C	1.000000000017	1.69972477161644e-11	20	0	0	18	9131
SM00037	CNX	1.000000000017	1.69972477161644e-11	20	0	0	18	9131
SM00055	FCH	1.000000000017	1.69972477161644e-11	20	0	0	18	9131
SM01089	Connexin_CCC	1.000000000017	1.69972477161644e-11	20	0	0	18	9131
SM00229	RasGEFN	1.000000000017	1.69972477161644e-11	20	0	0	18	9131
SM00385	CYCLIN	1.00000000001891	1.89092471057683e-11	37	0	0	18	9131
SM00204	TGFB	1.00000000001891	1.89092471057683e-11	37	0	0	18	9131
SM00908	Gal-bind_lectin	1.00000000001896	1.89618442630105e-11	15	0	0	18	9131
SM00800	uDENN	1.00000000001896	1.89618442630105e-11	15	0	0	18	9131
SM00230	CysPc	1.00000000001896	1.89618442630105e-11	15	0	0	18	9131
SM00137	MAM	1.00000000001896	1.89618442630105e-11	15	0	0	18	9131
SM00849	Lactamase_B	1.00000000001896	1.89618442630105e-11	15	0	0	18	9131
SM00276	GLECT	1.00000000001896	1.89618442630105e-11	15	0	0	18	9131
SM00698	MORN	1.00000000001896	1.89618442630105e-11	15	0	0	18	9131
SM00331	PP2C_SIG	1.00000000001896	1.89618442630105e-11	15	0	0	18	9131
SM00134	LU	1.00000000001896	1.89618442630105e-11	15	0	0	18	9131
SM00116	CBS	1.00000000001896	1.89618442630105e-11	15	0	0	18	9131
SM00308	LH2	1.00000000001896	1.89618442630105e-11	15	0	0	18	9131
SM00135	LY	1.00000000001896	1.89618442630105e-11	15	0	0	18	9131
SM00149	PLCYc	1.00000000001896	1.89618442630105e-11	15	0	0	18	9131
SM00498	FH2	1.00000000001896	1.89618442630105e-11	15	0	0	18	9131
SM00198	SCP	1.00000000001896	1.89618442630105e-11	15	0	0	18	9131
SM00247	XTALbg	1.00000000001896	1.89618442630105e-11	15	0	0	18	9131
SM00148	PLCXc	1.00000000001896	1.89618442630105e-11	15	0	0	18	9131
SM00217	WAP	1.00000000001896	1.89618442630105e-11	15	0	0	18	9131
SM00253	SOCS	1.00000000001896	1.89618442630105e-11	15	0	0	18	9131
SM00501	BRIGHT	1.00000000001896	1.89618442630105e-11	15	0	0	18	9131
SM00398	HMG	1.00000000001957	1.95681479628849e-11	51	0	0	18	9131
SM00295	B41	1.00000000001957	1.95681479628849e-11	51	0	0	18	9131
SM00105	ArfGap	1.00000000002153	2.15256237215915e-11	28	0	0	18	9131
SM00240	FHA	1.00000000002153	2.15256237215915e-11	28	0	0	18	9131
SM00667	LisH	1.00000000002153	2.15256237215915e-11	28	0	0	18	9131
SM00147	RasGEF	1.00000000002153	2.15256237215915e-11	28	0	0	18	9131
SM00832	C8	1.00000000002237	2.23689442929951e-11	14	0	0	18	9131
SM00069	GLA	1.00000000002237	2.23689442929951e-11	14	0	0	18	9131
SM00285	PBD	1.00000000002237	2.23689442929951e-11	14	0	0	18	9131
SM00241	ZP	1.00000000002237	2.23689442929951e-11	14	0	0	18	9131
SM00666	PB1	1.00000000002237	2.23689442929951e-11	14	0	0	18	9131
SM00200	SEA	1.00000000002237	2.23689442929951e-11	14	0	0	18	9131
SM00615	EPH_lbd	1.00000000002237	2.23689442929951e-11	14	0	0	18	9131
SM00445	LINK	1.00000000002237	2.23689442929951e-11	14	0	0	18	9131
SM00246	WH2	1.00000000002237	2.23689442929951e-11	14	0	0	18	9131
SM00323	RasGAP	1.00000000002237	2.23689442929951e-11	14	0	0	18	9131
SM00643	C345C	1.00000000002237	2.23689442929951e-11	14	0	0	18	9131
SM00046	DAGKc	1.00000000002237	2.23689442929951e-11	14	0	0	18	9131
SM00294	4.1m	1.00000000002237	2.23689442929951e-11	14	0	0	18	9131
SM00647	IBR	1.00000000002237	2.23689442929951e-11	14	0	0	18	9131
SM00502	BBC	1.00000000002237	2.23689442929951e-11	14	0	0	18	9131
SM00180	EGF_Lam	1.00000000002424	2.42431375304414e-11	34	0	0	18	9131
SM00100	cNMP	1.00000000002424	2.42431375304414e-11	34	0	0	18	9131
SM00315	RGS	1.00000000002424	2.42431375304414e-11	34	0	0	18	9131
SM00252	SH2	1.0000000000245	2.45013576790267e-11	112	0	0	18	9131
SM00033	CH	1.00000000002965	2.96523740312982e-11	66	0	0	18	9131
SM00325	RhoGEF	1.00000000002965	2.96523740312982e-11	66	0	0	18	9131
SM00194	PTPc	1.00000000003111	3.11101645750252e-11	36	0	0	18	9131
SM00093	SERPIN	1.00000000003111	3.11101645750252e-11	36	0	0	18	9131
SM00630	Sema	1.00000000004619	4.61940687928533e-11	30	0	0	18	9131
SM00165	UBA	1.00000000004619	4.61940687928533e-11	30	0	0	18	9131
